--- Performance Summary for: cnn_from_scratch ---
Best Validation Accuracy: 0.9443
Best Validation Loss: 0.1857

Classification Report:
              precision    recall  f1-score   support

           0       1.00      0.79      0.88        14
           1       0.93      1.00      0.97        14
           2       1.00      0.93      0.96        14
           3       0.88      1.00      0.93        14
           4       0.92      0.79      0.85        14
           5       0.87      0.93      0.90        14
           6       0.80      0.86      0.83        14
           7       1.00      1.00      1.00        14
           8       1.00      1.00      1.00        14
           9       1.00      0.93      0.96        14
           a       1.00      0.93      0.96        14
           b       1.00      1.00      1.00        14
           c       1.00      1.00      1.00        14
           d       1.00      1.00      1.00        14
           e       1.00      1.00      1.00        14
           f       1.00      1.00      1.00        14
           g       1.00      1.00      1.00        14
           h       1.00      1.00      1.00        14
           i       1.00      0.93      0.96        14
           j       0.93      1.00      0.97        14
           k       1.00      1.00      1.00        14
           l       1.00      0.93      0.96        14
           m       0.86      0.86      0.86        14
           n       0.83      0.71      0.77        14
           o       0.82      1.00      0.90        14
           p       1.00      1.00      1.00        14
           q       1.00      1.00      1.00        14
           r       1.00      0.71      0.83        14
           s       0.88      1.00      0.93        14
           t       0.86      0.92      0.89        13
           u       0.82      1.00      0.90        14
           v       0.93      0.93      0.93        14
           w       0.80      0.86      0.83        14
           x       1.00      1.00      1.00        14
           y       1.00      1.00      1.00        14
           z       1.00      1.00      1.00        14

    accuracy                           0.94       503
   macro avg       0.95      0.94      0.94       503
weighted avg       0.95      0.94      0.94       503

============================================================

--- Performance Summary for: transfer_learning_mobilenet ---
Best Validation Accuracy: 0.8966
Best Validation Loss: 0.4162

Classification Report:
              precision    recall  f1-score   support

           0       0.92      0.86      0.89        14
           1       1.00      1.00      1.00        14
           2       0.80      0.86      0.83        14
           3       1.00      1.00      1.00        14
           4       1.00      0.50      0.67        14
           5       0.93      1.00      0.97        14
           6       0.42      1.00      0.60        14
           7       0.88      1.00      0.93        14
           8       1.00      0.79      0.88        14
           9       0.93      0.93      0.93        14
           a       0.93      1.00      0.97        14
           b       1.00      1.00      1.00        14
           c       1.00      1.00      1.00        14
           d       1.00      0.86      0.92        14
           e       1.00      1.00      1.00        14
           f       1.00      1.00      1.00        14
           g       1.00      0.93      0.96        14
           h       1.00      1.00      1.00        14
           i       0.87      0.93      0.90        14
           j       1.00      1.00      1.00        14
           k       0.93      1.00      0.97        14
           l       1.00      1.00      1.00        14
           m       0.67      1.00      0.80        14
           n       1.00      0.57      0.73        14
           o       0.93      0.93      0.93        14
           p       1.00      1.00      1.00        14
           q       1.00      1.00      1.00        14
           r       1.00      0.64      0.78        14
           s       1.00      0.93      0.96        14
           t       0.86      0.92      0.89        13
           u       0.93      0.93      0.93        14
           v       0.82      0.64      0.72        14
           w       1.00      0.07      0.13        14
           x       0.74      1.00      0.85        14
           y       1.00      1.00      1.00        14
           z       0.82      1.00      0.90        14

    accuracy                           0.90       503
   macro avg       0.93      0.90      0.89       503
weighted avg       0.93      0.90      0.89       503

============================================================

